0 1
1 -1

1 1
2 0

8 1
9 7

4 3
7 1

10 1
11 9

4 5
9 -1

3 9
12 -6

0 0
0 0





/////////////////////////





0 0 1 0 1 0 1 0 0 0 0 1 0 1 0 0 0 0 1 0 2 0 0 0 0
0 0 0 0 0

0 0 1 0 0 0 2 0 0 0 0 1 0 1 0 0 0 0 1 0 1 1 0 0 0
0 0 0 0 0

0 0 1 0 1 0 1 0 0 0 0 0 0 2 0 0 0 0 1 0 1 1 0 0 0
0 0 0 0 0

0 0 1 0 1 0 0 0 0 0 0 1 0 1 0 0 0 0 1 0 1 1 0 0 0
0 0 0 0 0

0 0 1 0 1 0 1 0 0 0 0 1 0 1 0 0 0 0 2 0 0 1 0 0 0
0 0 0 0 0

0 0 1 0 1 0 1 0 0 0 0 2 0 0 0 0 0 0 1 0 1 1 0 0 0
0 0 0 0 0

0 0 1 0 1 0 1 0 0 0 0 0 0 1 0 0 0 0 1 0 1 1 0 0 0
0 0 0 0 0

0 0 1 0 1 0 2 0 0 0 0 1 0 1 0 0 0 0 1 0 1 0 0 0 0
0 0 0 0 0

0 0 1 0 1 0 0 0 0 0 0 1 0 1 0 0 0 0 1 0 1 1 0 0 0
0 0 0 0 0

0 0 1 0 1 0 1 0 0 0 0 2 0 0 0 0 0 0 1 0 1 1 0 0 0
0 0 0 0 0

0 1 1 1 1 0 0 1 0 0 0 2 0 1 1 0 0 0 0 0 1 0 0 1 0
1 0 1 0 0

0 1 1 1 0 0 0 1 0 0 0 1 1 2 1 0 0 0 0 0 1 0 0 1 0
1 0 1 0 0

0 1 1 2 0 0 0 1 0 0 0 1 0 1 1 0 0 0 0 0 1 0 0 0 0
1 0 1 0 0

0 1 2 1 0 0 0 0 0 0 0 1 0 1 1 0 0 0 0 0 1 0 0 1 0
1 0 1 0 0

0 1 1 1 0 0 0 1 0 0 0 2 0 1 1 0 0 1 0 0 1 0 0 1 0
1 0 1 0 0

0 1 1 1 0 0 0 1 0 0 0 1 1 2 1 0 0 0 0 0 1 0 0 1 0
1 0 1 0 0

0 1 1 1 0 0 0 1 0 0 0 1 0 1 1 0 0 0 0 0 0 0 0 1 0
1 0 1 0 0

0 1 1 1 0 0 0 1 0 0 2 1 0 1 1 0 0 0 0 0 1 0 0 1 0
1 0 1 0 0

1 1 1 2 0 0 0 1 0 0 0 1 0 1 1 0 0 0 0 0 1 0 0 1 0
1 0 1 0 0

0 1 1 2 1 0 0 1 0 0 0 1 0 1 1 0 0 0 0 0 1 0 0 1 0
1 0 1 0 0

0 0 1 1 1 0 1 1 2 1 1 0 1 1 0 1 1 1 1 0 0 1 0 1 1
1 1 1 1 1

0 0 1 1 1 0 1 1 1 1 1 0 1 1 0 1 1 2 1 0 1 1 0 1 1
1 1 1 1 1

0 0 1 1 1 1 1 1 1 1 1 0 2 1 0 1 1 1 1 0 0 1 0 1 1
1 1 1 1 1

0 0 1 1 1 0 1 2 1 1 1 0 1 1 1 1 1 1 1 0 0 1 0 1 1
1 1 1 1 1

0 0 1 1 2 0 1 1 1 1 1 0 1 1 0 1 1 1 1 1 0 1 0 1 1
1 1 1 1 1

0 0 1 1 1 0 1 1 1 1 1 0 1 2 0 1 1 1 1 0 0 1 1 1 1
1 1 1 1 1

0 0 1 1 1 1 1 1 1 1 1 0 1 1 0 1 1 2 1 0 0 1 0 1 1
1 1 1 1 1

0 0 1 1 1 0 1 1 1 1 1 1 1 1 0 1 1 1 1 0 0 2 0 1 1
1 1 1 1 1

0 0 1 1 1 0 1 1 1 1 1 0 1 1 0 1 1 1 1 0 1 1 0 2 1
1 1 1 1 1

0 0 1 1 1 0 1 1 1 1 1 0 1 1 0 1 1 2 1 1 0 1 0 1 1
1 1 1 1 1